824 68
824 68
64 784
848 32
880 68
64 784
848 32
880 68
39937149 16384
0 573
0 118
39951414 715
69693 1926
71619 1926
73545 131072
2749740 1926
2751666 131072
4706733 1926
4708659 131072
7291752 1926
7293678 131072
10965687 1926
10967613 131072
14438823 1926
14440749 7816
14448565 1926
14450491 131072
16049706 1926
16051632 131072
19083076 1926
19085002 7816
19092818 1926
19094744 131072
21317608 1926
21319534 131072
25316473 1926
25318399 131072
27111057 1926
27112983 131072
28594282 1926
28596208 131072
30361073 1926
30362999 131072
30973607 1926
30975533 131072
32837557 1926
32839483 131072
35481532 1926
35483458 131072
37943780 1926
37945706 9770
37955476 1926
37957402 131072
21450606 131072
7424750 131072
11098685 131072
16182704 131072
204617 131072
32970555 131072
4839731 131072
35614530 131072
19225816 131072
21581678 131072
38088474 131072
2882738 131072
31106605 131072
7555822 131072
25449471 131072
28727280 131072
11229757 131072
14581563 131072
16313776 131072
27244055 131072
335689 131072
21712750 131072
33101627 131072
4970803 131072
35745602 131072
7686894 131072
11360829 131072
19356888 131072
16444848 131072
21843822 131072
38219546 131072
3013810 131072
31237677 131072
7817966 131072
25580543 131072
466761 131072
33232699 131072
28858352 131072
11491901 131072
5101875 131072
35876674 131072
14712635 131072
21974894 131072
16575920 131072
19487960 131072
27375127 131072
7949038 131072
11622973 131072
597833 131072
22105966 131072
38350618 131072
33363771 131072
3144882 131072
5232947 131072
31368749 131072
8080110 131072
36007746 131072
16706992 131072
30494071 131072
25711615 131072
28989424 131072
11754045 131072
22237038 131072
19619032 131072
728905 131072
14843707 131072
33494843 131072
8211182 131072
5364019 131072
16838064 131072
22368110 131072
38481690 131072
11885117 131072
27506199 131072
36138818 131072
3275954 131072
31499821 131072
8342254 131072
25842687 131072
859977 131072
19750104 131072
22499182 131072
29120496 131072
33625915 131072
12016189 131072
16969136 131072
5495091 131072
36269890 131072
8473326 131072
14974779 131072
22630254 131072
38612762 131072
3407026 131072
12147261 131072
991049 131072
17100208 131072
33756987 131072
31630893 131072
19881176 131072
5626163 131072
27637271 131072
8604398 131072
22761326 131072
25973759 131072
29251568 131072
36400962 131072
12278333 131072
17231280 131072
1122121 131072
8735470 131072
22892398 131072
38743834 131072
33888059 131072
3538098 131072
5757235 131072
15105851 131072
20012248 131072
12409405 131072
31761965 131072
36532034 131072
23023470 131072
8866542 131072
30625143 131072
17362352 131072
26104831 131072
1253193 131072
27768343 131072
29382640 131072
34019131 131072
12540477 131072
5888307 131072
23154542 131072
38874906 131072
8997614 131072
3669170 131072
20143320 131072
17493424 131072
36663106 131072
1384265 131072
12671549 131072
15236923 131072
23285614 131072
31893037 131072
34150203 131072
9128686 131072
6019379 131072
26235903 131072
17624496 131072
29513712 131072
23416686 131072
39005978 131072
12802621 131072
20274392 131072
36794178 131072
27899415 131072
3800242 131072
9259758 131072
1515337 131072
34281275 131072
6150451 131072
23547758 131072
17755568 131072
32024109 131072
12933693 131072
9390830 131072
15367995 131072
26366975 131072
36925250 131072
1646409 131072
20405464 131072
23678830 131072
39137050 131072
29644784 131072
34412347 131072
3931314 131072
17886640 131072
13064765 131072
9521902 131072
6281523 131072
28030487 131072
23809902 131072
32155181 131072
1777481 131072
37056322 131072
9652974 131072
13195837 131072
30756215 131072
34543419 131072
18017712 131072
20536536 131072
15499067 131072
23940974 131072
39268122 131072
26498047 131072
6412595 131072
29775856 131072
4062386 131072
9784046 131072
13326909 131072
1908553 131072
24072046 131072
18148784 131072
37187394 131072
34674491 131072
32286253 131072
20667608 131072
28161559 131072
6543667 131072
9915118 131072
13457981 131072
24203118 131072
39399194 131072
26629119 131072
2039625 131072
18279856 131072
4193458 131072
15630139 131072
29906928 131072
34805563 131072
37318466 131072
10046190 131072
24334190 131072
13589053 131072
6674739 131072
20798680 131072
32417325 131072
18410928 131072
2170697 131072
10177262 131072
24465262 131072
39530266 131072
13720125 131072
34936635 131072
28292631 131072
37449538 131072
4324530 131072
26760191 131072
6805811 131072
30038000 131072
15761211 131072
24596334 131072
10308334 131072
18542000 131072
20929752 131072
13851197 131072
2301769 131072
35067707 131072
32548397 131072
24727406 131072
37580610 131072
39661338 131072
10439406 131072
30887287 86320
6936883 131072
18673072 131072
13982269 131072
4455602 131072
26891263 131072
2432841 131072
21060824 131072
24858478 131072
28423703 131072
30169072 131072
10570478 131072
35198779 131072
15892283 131072
37711682 131072
14113341 131072
18804144 131072
7067955 131072
32679469 131072
24989550 131072
39792410 131072
10701550 131072
2563913 131072
4586674 120059
35329851 131072
14244413 131072
21191896 125712
18935216 131072
25120622 131072
27022335 88722
37842754 101026
7199027 92725
10832622 131072
30300144 60929
28554775 39507
2694985 54755
14375485 63338
16023355 26351
25251694 64779
32810541 27016
39923482 27932
35460923 20609
19066288 16788
10963694 1993
