824 68
824 68
64 784
848 32
880 68
64 784
848 32
880 68
106878580 16384
0 573
0 118
106887043 1111
1797959 6089
1463309 334650
3777757 778
3767247 10510
6560442 40418
5784355 776087
10400877 20087
8606576 1794301
42615858 873701
13426795 29189063
43509575 3
43509571 4
44514479 81
44511783 2696
46419837 3539
46325262 94575
46498016 3
46498010 6
54143868 14508
48140149 6003719
57077744 60087
56164183 913561
57965152 101
57962651 2501
64706246 326979
59016495 5689751
67183172 10024
66974184 208988
67209621 4
67209591 30
71802112 89352
70215446 1586666
75860645 29176
73489878 2370767
104367265 491625
78895652 25471613
104868642 3
104868632 10
106882931 4112
106821173 61758
309029 1926
310955 80144
391099 131072
1804048 2004
1806052 131072
3778535 1926
3780461 131072
6600860 1926
6602786 131072
10420964 1926
10422890 131072
43489559 1926
43491485 18086
43509578 1926
43511504 131072
44514560 1926
44516486 131072
46423376 1926
46425302 72708
46498019 1926
46499945 131072
54158376 1926
54160302 131072
57137831 1926
57139757 131072
57965253 1926
57967179 131072
65033225 1926
65035151 131072
67193196 1926
67195122 14469
67209625 1926
67211551 131072
71891464 1926
71893390 131072
75889821 1926
75891747 131072
104858890 1926
104860816 7816
104868645 1926
104870571 131072
10553962 131072
67342623 131072
76022819 131072
3911533 131072
6733858 131072
54291374 131072
1937124 131072
105001643 131072
65166223 131072
44647558 131072
46631017 131072
72024462 131072
10685034 131072
67473695 131072
76153891 131072
522171 131072
58098251 131072
4042605 131072
6864930 131072
10816106 131072
43642576 131072
54422446 131072
67604767 131072
76284963 131072
2068196 131072
65297295 131072
105132715 131072
44778630 131072
57270829 131072
46762089 131072
72155534 131072
10947178 131072
67735839 131072
76416035 131072
4173677 131072
6996002 131072
54553518 131072
2199268 131072
105263787 131072
65428367 131072
44909702 131072
11078250 131072
67866911 131072
76547107 131072
46893161 131072
653243 131072
72286606 131072
58229323 131072
4304749 131072
7127074 131072
11209322 131072
54684590 131072
67997983 131072
76678179 131072
43773648 131072
2330340 131072
105394859 131072
65559439 131072
45040774 131072
11340394 131072
68129055 131072
76809251 131072
57401901 131072
47024233 131072
4435821 131072
7258146 131072
54815662 131072
72417678 131072
2461412 131072
105525931 131072
65690511 131072
11471466 131072
68260127 131072
76940323 131072
45171846 131072
784315 131072
58360395 131072
4566893 131072
7389218 131072
11602538 131072
54946734 131072
68391199 131072
77071395 131072
43904720 131072
47155305 131072
2592484 131072
105657003 131072
65821583 131072
72548750 131072
45302918 131072
11733610 131072
68522271 131072
77202467 131072
4697965 131072
7520290 131072
55077806 131072
2723556 131072
105788075 131072
65952655 131072
57532973 131072
47286377 131072
11864682 131072
68653343 131072
77333539 131072
915387 131072
72679822 131072
58491467 131072
45433990 131072
4829037 131072
7651362 131072
55208878 131072
11995754 131072
68784415 131072
77464611 131072
44035792 131072
2854628 131072
105919147 131072
66083727 131072
47417449 131072
12126826 131072
68915487 131072
77595683 131072
72810894 131072
45565062 131072
4960109 131072
7782434 131072
55339950 131072
2985700 131072
106050219 131072
66214799 131072
12257898 131072
69046559 131072
77726755 131072
1046459 131072
58622539 131072
57664045 131072
47548521 131072
45696134 131072
5091181 131072
7913506 131072
55471022 131072
12388970 131072
69177631 131072
77857827 131072
44166864 131072
72941966 131072
3116772 131072
106181291 131072
66345871 131072
12520042 131072
69308703 131072
77988899 131072
47679593 131072
5222253 131072
8044578 131072
55602094 131072
45827206 131072
1177531 131072
3247844 131072
73073038 131072
106312363 131072
12651114 131072
69439775 131072
78119971 131072
66476943 131072
58753611 131072
5353325 131072
8175650 131072
55733166 131072
69570847 131072
12782186 131072
44297936 131072
78251043 131072
57795117 131072
45958278 131072
47810665 131072
3378916 131072
106443435 131072
66608015 131072
73204110 131072
12913258 131072
69701919 131072
78382115 131072
5484397 131072
8306722 131072
55864238 131072
1308603 131072
3509988 131072
46089350 131072
13044330 131072
58884683 131072
69832991 131072
78513187 131072
106574507 131072
47941737 131072
66739087 131072
73335182 131072
5615469 131072
8437794 131072
13175402 131072
55995310 131072
69964063 131072
78644259 131072
44429008 82775
3641060 126187
106705579 115594
46220422 104840
66870159 104025
57926189 36462
48072809 67340
13306474 120321
70095135 120311
78775331 120321
1439675 23634
5746541 37814
8568866 37710
56126382 37801
73466254 23624
59015755 740
