824 68
824 68
64 784
848 32
880 68
64 784
848 32
880 68
156172797 16384
0 573
0 118
156186416 732
97014 1926
98940 125977
224917 131072
4505781 68834
4574615 131072
12360623 1926
12362549 131072
20362541 1926
20364467 131072
28364459 1926
28366385 131072
36366377 1926
36368303 131072
44368295 1926
44370221 131072
52370213 1926
52372139 131072
60372131 1926
60374057 131072
68374049 1926
68375975 131072
76375967 1926
76377893 131072
84377885 1926
84379811 131072
92379803 1926
92381729 131072
100381721 1926
100383647 131072
108383639 1926
108385565 131072
116385557 1926
116387483 131072
124387475 1926
124389401 131072
132389393 1926
132391319 131072
140391311 87171
140478482 131072
148184498 1926
148186424 131072
4705687 131072
12493621 131072
20495539 131072
28497457 131072
36499375 131072
44501293 131072
52503211 131072
60505129 131072
68507047 131072
76508965 131072
84510883 131072
92512801 131072
100514719 131072
108516637 131072
116518555 131072
124520473 131072
132522391 131072
140609554 131072
148317496 131072
355989 131072
4836759 131072
12624693 131072
20626611 131072
28628529 131072
36630447 131072
44632365 131072
52634283 131072
60636201 131072
68638119 131072
76640037 131072
84641955 131072
92643873 131072
100645791 131072
108647709 131072
116649627 131072
124651545 131072
132653463 131072
148448568 131072
140740626 131072
12755765 131072
20757683 131072
28759601 131072
36761519 131072
44763437 131072
52765355 131072
60767273 131072
68769191 131072
76771109 131072
84773027 131072
92774945 131072
100776863 131072
108778781 131072
116780699 131072
124782617 131072
132784535 131072
148579640 131072
4967831 131072
140871698 131072
487061 131072
12886837 131072
20888755 131072
28890673 131072
36892591 131072
44894509 131072
52896427 131072
60898345 131072
68900263 131072
76902181 131072
84904099 131072
92906017 131072
100907935 131072
108909853 131072
116911771 131072
124913689 131072
132915607 131072
148710712 131072
5098903 131072
141002770 131072
13017909 131072
21019827 131072
29021745 131072
37023663 131072
45025581 131072
53027499 131072
61029417 131072
69031335 131072
77033253 131072
85035171 131072
93037089 131072
101039007 131072
109040925 131072
117042843 131072
125044761 131072
133046679 131072
148841784 131072
5229975 131072
141133842 131072
618133 131072
13148981 131072
21150899 131072
29152817 131072
37154735 131072
45156653 131072
53158571 131072
61160489 131072
69162407 131072
77164325 131072
85166243 131072
93168161 131072
101170079 131072
109171997 131072
117173915 131072
125175833 131072
133177751 131072
148972856 131072
5361047 131072
141264914 131072
13280053 131072
21281971 131072
29283889 131072
37285807 131072
45287725 131072
53289643 131072
61291561 131072
69293479 131072
77295397 131072
85297315 131072
93299233 131072
101301151 131072
109303069 131072
117304987 131072
125306905 131072
133308823 131072
149103928 131072
5492119 131072
141395986 131072
749205 131072
13411125 131072
21413043 131072
29414961 131072
37416879 131072
45418797 131072
53420715 131072
61422633 131072
69424551 131072
77426469 131072
85428387 131072
93430305 131072
101432223 131072
109434141 131072
117436059 131072
125437977 131072
133439895 131072
149235000 131072
5623191 131072
141527058 131072
13542197 131072
21544115 131072
29546033 131072
37547951 131072
45549869 131072
53551787 131072
61553705 131072
69555623 131072
77557541 131072
85559459 131072
93561377 131072
101563295 131072
109565213 131072
117567131 131072
125569049 131072
133570967 131072
149366072 131072
5754263 131072
880277 131072
141658130 131072
13673269 131072
21675187 131072
29677105 131072
37679023 131072
45680941 131072
53682859 131072
61684777 131072
69686695 131072
77688613 131072
85690531 131072
93692449 131072
101694367 131072
109696285 131072
117698203 131072
125700121 131072
133702039 131072
149497144 131072
5885335 131072
141789202 131072
13804341 131072
21806259 131072
29808177 131072
37810095 131072
45812013 131072
53813931 131072
61815849 131072
69817767 131072
77819685 131072
85821603 131072
93823521 131072
101825439 131072
109827357 131072
117829275 131072
125831193 131072
133833111 131072
149628216 131072
1011349 131072
6016407 131072
141920274 131072
13935413 131072
21937331 131072
29939249 131072
37941167 131072
45943085 131072
53945003 131072
61946921 131072
69948839 131072
77950757 131072
85952675 131072
93954593 131072
101956511 131072
109958429 131072
117960347 131072
125962265 131072
133964183 131072
149759288 131072
6147479 131072
142051346 131072
14066485 131072
22068403 131072
30070321 131072
38072239 131072
46074157 131072
54076075 131072
62077993 131072
70079911 131072
78081829 131072
86083747 131072
94085665 131072
102087583 131072
110089501 131072
118091419 131072
126093337 131072
134095255 131072
149890360 131072
1142421 131072
6278551 131072
142182418 131072
14197557 131072
22199475 131072
30201393 131072
38203311 131072
46205229 131072
54207147 131072
62209065 131072
70210983 131072
78212901 131072
86214819 131072
94216737 131072
102218655 131072
110220573 131072
118222491 131072
126224409 131072
134226327 131072
150021432 131072
6409623 131072
142313490 131072
1273493 131072
14328629 131072
22330547 131072
30332465 131072
38334383 131072
46336301 131072
54338219 131072
62340137 131072
70342055 131072
78343973 131072
86345891 131072
94347809 131072
102349727 131072
110351645 131072
118353563 131072
126355481 131072
134357399 131072
150152504 131072
6540695 131072
142444562 131072
14459701 131072
22461619 131072
30463537 131072
38465455 131072
46467373 131072
54469291 131072
62471209 131072
70473127 131072
78475045 131072
86476963 131072
94478881 131072
102480799 131072
110482717 131072
118484635 131072
126486553 131072
134488471 131072
150283576 131072
6671767 131072
142575634 131072
1404565 131072
14590773 131072
22592691 131072
30594609 131072
38596527 131072
46598445 131072
54600363 131072
62602281 131072
70604199 131072
78606117 131072
86608035 131072
94609953 131072
102611871 131072
110613789 131072
118615707 131072
126617625 131072
134619543 131072
150414648 131072
6802839 131072
142706706 131072
14721845 131072
22723763 131072
30725681 131072
38727599 131072
46729517 131072
54731435 131072
62733353 131072
70735271 131072
78737189 131072
86739107 131072
94741025 131072
102742943 131072
110744861 131072
118746779 131072
126748697 131072
134750615 131072
150545720 131072
6933911 131072
142837778 131072
1535637 131072
14852917 131072
22854835 131072
30856753 131072
38858671 131072
46860589 131072
54862507 131072
62864425 131072
70866343 131072
78868261 131072
86870179 131072
94872097 131072
102874015 131072
110875933 131072
118877851 131072
126879769 131072
134881687 131072
150676792 131072
7064983 131072
142968850 131072
14983989 131072
22985907 131072
30987825 131072
38989743 131072
46991661 131072
54993579 131072
62995497 131072
70997415 131072
78999333 131072
87001251 131072
95003169 131072
103005087 131072
111007005 131072
119008923 131072
127010841 131072
135012759 131072
150807864 131072
1666709 131072
7196055 131072
143099922 131072
15115061 131072
23116979 131072
31118897 131072
39120815 131072
47122733 131072
55124651 131072
63126569 131072
71128487 131072
79130405 131072
87132323 131072
95134241 131072
103136159 131072
111138077 131072
119139995 131072
127141913 131072
135143831 131072
150938936 131072
7327127 131072
143230994 131072
15246133 131072
23248051 131072
31249969 131072
39251887 131072
47253805 131072
55255723 131072
63257641 131072
71259559 131072
79261477 131072
87263395 131072
95265313 131072
103267231 131072
111269149 131072
119271067 131072
127272985 131072
135274903 131072
151070008 131072
1797781 131072
7458199 131072
143362066 131072
15377205 131072
23379123 131072
31381041 131072
39382959 131072
47384877 131072
55386795 131072
63388713 131072
71390631 131072
79392549 131072
87394467 131072
95396385 131072
103398303 131072
111400221 131072
119402139 131072
127404057 131072
135405975 131072
151201080 131072
7589271 131072
143493138 131072
15508277 131072
23510195 131072
31512113 131072
39514031 131072
47515949 131072
55517867 131072
63519785 131072
71521703 131072
79523621 131072
87525539 131072
95527457 131072
103529375 131072
111531293 131072
119533211 131072
127535129 131072
135537047 131072
151332152 131072
1928853 131072
7720343 131072
143624210 131072
15639349 131072
23641267 131072
31643185 131072
39645103 131072
47647021 131072
55648939 131072
63650857 131072
71652775 131072
79654693 131072
87656611 131072
95658529 131072
103660447 131072
111662365 131072
119664283 131072
127666201 131072
135668119 131072
151463224 131072
7851415 131072
143755282 131072
15770421 131072
23772339 131072
31774257 131072
39776175 131072
47778093 131072
55780011 131072
63781929 131072
71783847 131072
79785765 131072
87787683 131072
95789601 131072
103791519 131072
111793437 131072
119795355 131072
127797273 131072
135799191 131072
151594296 131072
2059925 131072
7982487 131072
143886354 131072
15901493 131072
23903411 131072
31905329 131072
39907247 131072
47909165 131072
55911083 131072
63913001 131072
71914919 131072
79916837 131072
87918755 131072
95920673 131072
103922591 131072
111924509 131072
119926427 131072
127928345 131072
135930263 131072
151725368 131072
8113559 131072
2190997 131072
16032565 131072
24034483 131072
32036401 131072
40038319 131072
48040237 131072
56042155 131072
64044073 131072
72045991 131072
80047909 131072
88049827 131072
96051745 131072
104053663 131072
112055581 131072
120057499 131072
128059417 131072
136061335 131072
144017426 131072
151856440 131072
8244631 131072
16163637 131072
24165555 131072
32167473 131072
40169391 131072
48171309 131072
56173227 131072
64175145 131072
72177063 131072
80178981 131072
88180899 131072
96182817 131072
104184735 131072
112186653 131072
120188571 131072
128190489 131072
136192407 131072
151987512 131072
144148498 131072
8375703 131072
2322069 131072
16294709 131072
24296627 131072
32298545 131072
40300463 131072
48302381 131072
56304299 131072
64306217 131072
72308135 131072
80310053 131072
88311971 131072
96313889 131072
104315807 131072
112317725 131072
120319643 131072
128321561 131072
136323479 131072
152118584 131072
144279570 131072
8506775 131072
16425781 131072
24427699 131072
32429617 131072
40431535 131072
48433453 131072
56435371 131072
64437289 131072
72439207 131072
80441125 131072
88443043 131072
96444961 131072
104446879 131072
112448797 131072
120450715 131072
128452633 131072
136454551 131072
152249656 131072
144410642 131072
2453141 131072
8637847 131072
16556853 131072
24558771 131072
32560689 131072
40562607 131072
48564525 131072
56566443 131072
64568361 131072
72570279 131072
80572197 131072
88574115 131072
96576033 131072
104577951 131072
112579869 131072
120581787 131072
128583705 131072
136585623 131072
152380728 131072
144541714 131072
8768919 131072
16687925 131072
24689843 131072
32691761 131072
40693679 131072
48695597 131072
56697515 131072
64699433 131072
72701351 131072
80703269 131072
88705187 131072
96707105 131072
104709023 131072
112710941 131072
120712859 131072
128714777 131072
136716695 131072
152511800 131072
144672786 131072
2584213 131072
8899991 131072
16818997 131072
24820915 131072
32822833 131072
40824751 131072
48826669 131072
56828587 131072
64830505 131072
72832423 131072
80834341 131072
88836259 131072
96838177 131072
104840095 131072
112842013 131072
120843931 131072
128845849 131072
136847767 131072
152642872 131072
144803858 131072
9031063 131072
16950069 131072
24951987 131072
32953905 131072
40955823 131072
48957741 131072
56959659 131072
64961577 131072
72963495 131072
80965413 131072
88967331 131072
96969249 131072
104971167 131072
112973085 131072
120975003 131072
128976921 131072
136978839 131072
152773944 131072
144934930 131072
2715285 131072
9162135 131072
17081141 131072
25083059 131072
33084977 131072
41086895 131072
49088813 131072
57090731 131072
65092649 131072
73094567 131072
81096485 131072
89098403 131072
97100321 131072
105102239 131072
113104157 131072
121106075 131072
129107993 131072
137109911 131072
152905016 131072
145066002 131072
9293207 131072
17212213 131072
25214131 131072
33216049 131072
41217967 131072
49219885 131072
57221803 131072
65223721 131072
73225639 131072
81227557 131072
89229475 131072
97231393 131072
105233311 131072
113235229 131072
121237147 131072
129239065 131072
137240983 131072
153036088 131072
145197074 131072
2846357 131072
9424279 131072
17343285 131072
25345203 131072
33347121 131072
41349039 131072
49350957 131072
57352875 131072
65354793 131072
73356711 131072
81358629 131072
89360547 131072
97362465 131072
105364383 131072
113366301 131072
121368219 131072
129370137 131072
137372055 131072
153167160 131072
145328146 131072
9555351 131072
17474357 131072
25476275 131072
33478193 131072
41480111 131072
49482029 131072
57483947 131072
65485865 131072
73487783 131072
81489701 131072
89491619 131072
97493537 131072
105495455 131072
113497373 131072
121499291 131072
129501209 131072
137503127 131072
153298232 131072
2977429 131072
145459218 131072
17605429 131072
25607347 131072
33609265 131072
41611183 131072
49613101 131072
57615019 131072
65616937 131072
73618855 131072
81620773 131072
89622691 131072
97624609 131072
105626527 131072
113628445 131072
121630363 131072
129632281 131072
137634199 131072
153429304 131072
9686423 131072
145590290 131072
17736501 131072
25738419 131072
33740337 131072
41742255 131072
49744173 131072
57746091 131072
65748009 131072
73749927 131072
81751845 131072
89753763 131072
97755681 131072
105757599 131072
113759517 131072
121761435 131072
129763353 131072
137765271 131072
153560376 131072
3108501 131072
9817495 131072
145721362 131072
17867573 131072
25869491 131072
33871409 131072
41873327 131072
49875245 131072
57877163 131072
65879081 131072
73880999 131072
81882917 131072
89884835 131072
97886753 131072
105888671 131072
113890589 131072
121892507 131072
129894425 131072
137896343 131072
153691448 131072
9948567 131072
145852434 131072
3239573 131072
17998645 131072
26000563 131072
34002481 131072
42004399 131072
50006317 131072
58008235 131072
66010153 131072
74012071 131072
82013989 131072
90015907 131072
98017825 131072
106019743 131072
114021661 131072
122023579 131072
130025497 131072
138027415 131072
153822520 131072
10079639 131072
145983506 131072
18129717 131072
26131635 131072
34133553 131072
42135471 131072
50137389 131072
58139307 131072
66141225 131072
74143143 131072
82145061 131072
90146979 131072
98148897 131072
106150815 131072
114152733 131072
122154651 131072
130156569 131072
138158487 131072
153953592 131072
10210711 131072
146114578 131072
3370645 131072
18260789 131072
26262707 131072
34264625 131072
42266543 131072
50268461 131072
58270379 131072
66272297 131072
74274215 131072
82276133 131072
90278051 131072
98279969 131072
106281887 131072
114283805 131072
122285723 131072
130287641 131072
138289559 131072
154084664 131072
10341783 131072
146245650 131072
18391861 131072
26393779 131072
34395697 131072
42397615 131072
50399533 131072
58401451 131072
66403369 131072
74405287 131072
82407205 131072
90409123 131072
98411041 131072
106412959 131072
114414877 131072
122416795 131072
130418713 131072
138420631 131072
154215736 131072
10472855 131072
3501717 131072
146376722 131072
18522933 131072
26524851 131072
34526769 131072
42528687 131072
50530605 131072
58532523 131072
66534441 131072
74536359 131072
82538277 131072
90540195 131072
98542113 131072
106544031 131072
114545949 131072
122547867 131072
130549785 131072
138551703 131072
154346808 131072
10603927 131072
146507794 131072
18654005 131072
26655923 131072
34657841 131072
42659759 131072
50661677 131072
58663595 131072
66665513 131072
74667431 131072
82669349 131072
90671267 131072
98673185 131072
106675103 131072
114677021 131072
122678939 131072
130680857 131072
138682775 131072
154477880 131072
10734999 131072
3632789 131072
146638866 131072
18785077 131072
26786995 131072
34788913 131072
42790831 131072
50792749 131072
58794667 131072
66796585 131072
74798503 131072
82800421 131072
90802339 131072
98804257 131072
106806175 131072
114808093 131072
122810011 131072
130811929 131072
138813847 131072
154608952 131072
10866071 131072
146769938 131072
18916149 131072
26918067 131072
34919985 131072
42921903 131072
50923821 131072
58925739 131072
66927657 131072
74929575 131072
82931493 131072
90933411 131072
98935329 131072
106937247 131072
114939165 131072
122941083 131072
130943001 131072
138944919 131072
154740024 131072
10997143 131072
3763861 131072
146901010 131072
19047221 131072
27049139 131072
35051057 131072
43052975 131072
51054893 131072
59056811 131072
67058729 131072
75060647 131072
83062565 131072
91064483 131072
99066401 131072
107068319 131072
115070237 131072
123072155 131072
131074073 131072
139075991 131072
154871096 131072
11128215 131072
147032082 131072
19178293 131072
27180211 131072
35182129 131072
43184047 131072
51185965 131072
59187883 131072
67189801 131072
75191719 131072
83193637 131072
91195555 131072
99197473 131072
107199391 131072
115201309 131072
123203227 131072
131205145 131072
139207063 131072
155002168 131072
3894933 131072
11259287 131072
147163154 131072
19309365 131072
27311283 131072
35313201 131072
43315119 131072
51317037 131072
59318955 131072
67320873 131072
75322791 131072
83324709 131072
91326627 131072
99328545 131072
107330463 131072
115332381 131072
123334299 131072
131336217 131072
139338135 131072
155133240 131072
11390359 131072
147294226 131072
19440437 131072
27442355 131072
35444273 131072
43446191 131072
51448109 131072
59450027 131072
67451945 131072
75453863 131072
83455781 131072
91457699 131072
99459617 131072
107461535 131072
115463453 131072
123465371 131072
131467289 131072
139469207 131072
155264312 131072
4026005 131072
11521431 131072
19571509 131072
27573427 131072
35575345 131072
43577263 131072
51579181 131072
59581099 131072
67583017 131072
75584935 131072
83586853 131072
91588771 131072
99590689 131072
107592607 131072
115594525 131072
123596443 131072
131598361 131072
139600279 131072
147425298 131072
155395384 131072
11652503 131072
4157077 131072
19702581 131072
27704499 131072
35706417 131072
43708335 131072
51710253 131072
59712171 131072
67714089 131072
75716007 131072
83717925 131072
91719843 131072
99721761 131072
107723679 131072
115725597 131072
123727515 131072
131729433 131072
139731351 131072
147556370 131072
155526456 131072
11783575 131072
19833653 131072
27835571 131072
35837489 131072
43839407 131072
51841325 131072
59843243 131072
67845161 131072
75847079 131072
83848997 131072
91850915 131072
99852833 131072
107854751 131072
115856669 131072
123858587 131072
131860505 131072
139862423 131072
155657528 131072
147687442 131072
11914647 131072
4288149 131072
19964725 131072
27966643 131072
35968561 131072
43970479 131072
51972397 131072
59974315 131072
67976233 131072
75978151 131072
83980069 131072
91981987 131072
99983905 131072
107985823 131072
115987741 131072
123989659 131072
131991577 131072
139993495 131072
155788600 131072
147818514 131072
12045719 131072
20095797 131072
28097715 131072
36099633 131072
44101551 131072
52103469 131072
60105387 131072
68107305 131072
76109223 131072
84111141 131072
92113059 131072
100114977 131072
108116895 131072
116118813 131072
124120731 131072
132122649 131072
140124567 131072
155919672 131072
147949586 131072
12176791 131072
4419221 86560
20226869 131072
28228787 131072
36230705 131072
44232623 131072
52234541 131072
60236459 131072
68238377 131072
76240295 131072
84242213 131072
92244131 131072
100246049 131072
108247967 131072
116249885 131072
124251803 131072
132253721 131072
140255639 131072
156050744 131072
148080658 103840
12307863 52760
20357941 4600
28359859 4600
36361777 4600
44363695 4600
52365613 4600
60367531 4600
68369449 4600
76371367 4600
84373285 4600
92375203 4600
100377121 4600
108379039 4600
116380957 4600
124382875 4600
132384793 4600
140386711 4600
156181816 4600
